X,Y,Z,rX,rY,rZ,id
0.00602348,0.000762715,-0.0252404,1.5708,0.4297,0,18
0.00891784,0.00103754,-0.0300359,1.5708,0.145595,0,19
0.0103305,0.00137789,-0.0344312,1.5708,0.193849,0,20
0.0113079,0.00157953,-0.0388918,1.5708,0.224353,0,21
0.0138635,0.00204669,-0.0445405,1.5708,0.122536,0,22
0.0165117,0.00271589,-0.0518373,1.5708,0.0325361,0,23
0.0174451,0.00353664,-0.0582764,1.5708,0.0103017,0,24
0.0174476,0.00529299,-0.0654951,1.5708,0.00328416,0,25
0.0190894,0.00751996,-0.0732349,1.57079,0.00189143,0,26
0.0201262,0.00968347,-0.0817555,1.57075,0.000880865,0,27
0.0203684,0.0120458,-0.088827,1.57055,0.000462787,0,28
0.0221662,0.0155122,-0.0961551,1.56823,0.000267539,0,29
0.0235682,0.0178589,-0.104651,1.56469,0.000128104,0,30
0.021601,0.0188701,-0.107683,1.56181,9.88162e-05,0,31
0.0248565,0.0190383,-0.112316,1.56402,8.93395e-05,0,32
0.0263537,0.0216042,-0.121698,1.56637,0.000144842,0,33
0.0237908,0.0272179,-0.133334,1.5616,0.000261884,0,34
0.0203271,0.0286185,-0.138662,1.55233,0.000182106,0,35
0.0205435,0.0318871,-0.143971,1.50471,0.000110436,0,36
0.0238348,0.0357935,-0.148378,1.41344,7.47603e-05,0,37
0.0240299,0.0394937,-0.158285,1.31078,5.63458e-05,0,38
0.0253471,0.0381578,-0.168226,1.30274,2.78075e-05,0,39
0.0256636,0.0396957,-0.179155,1.21661,1.63558e-05,0,40
0.0251925,0.0412476,-0.189049,1.01374,8.68894e-06,0,41
0.0253486,0.0431887,-0.198335,0.811637,5.01553e-06,0,42
0.0256204,0.045122,-0.205817,0.757695,4.7755e-06,0,43
0.0246534,0.0469089,-0.215795,0.667723,3.35111e-06,0,44
0.0246893,0.0487653,-0.226611,0.553966,2.32961e-06,0,45
0.0243861,0.0500899,-0.237794,0.544881,1.7291e-06,0,46
0.0248317,0.0520058,-0.248529,0.738737,2.39446e-06,0,47
0.0244269,0.0533506,-0.260696,0.693163,1.95675e-06,0,48
0.0238994,0.0544507,-0.273574,0.722279,1.8578e-06,0,49
0.0226148,0.0561101,-0.286285,0.696289,1.87334e-06,0,50
0.0232729,0.0583257,-0.300853,0.640936,1.68879e-06,0,51
0.0239101,0.0609252,-0.316566,0.503492,1.48458e-06,0,52
0.0217847,0.0637991,-0.33093,0.379004,1.11455e-06,0,53
0.021223,0.0677357,-0.345761,-0.0586587,1.57066,0.00196556,54
0.0233713,0.0721291,-0.360756,-0.0590321,1.57064,0.00274508,55
0.0245289,0.0765089,-0.373956,-0.0593104,1.56742,0.00524543,56
0.0195661,0.0844452,-0.38372,-0.0626746,-1.57061,-0.00396482,57
0.0157892,0.0908959,-0.3969,-0.0629686,-1.57062,-0.0112018,58
0.0152729,0.0959474,-0.411363,-0.0628179,-1.57057,-0.0150341,59
0.0158199,0.100642,-0.425584,-0.0633835,-1.57051,-0.0155606,60
0.0193067,0.100277,-0.439273,-0.0676109,-1.57049,-0.0145405,61
0.0135511,0.110316,-0.451866,-0.0794853,-1.5705,-0.0132721,62
0.00970219,0.115573,-0.467695,-0.0851932,-1.57042,-0.0109421,63
0.0118303,0.121111,-0.484943,-0.0889435,-1.5702,-0.0115295,64
0.0136585,0.124617,-0.501053,-0.0891497,-1.57006,-0.00907936,65
0.00979944,0.128556,-0.516358,-0.0898991,-1.56998,-0.00896111,66
0.0101483,0.130966,-0.533753,-0.0897701,-1.5698,-0.0107748,67
0.0115308,0.132733,-0.551598,-0.0892772,-1.56961,-0.013939,68
0.0126012,0.134399,-0.572479,-0.0893694,-1.56925,-0.0126948,69
0.0148172,0.137147,-0.59166,-0.0894584,-1.56882,-0.0127709,70
0.0158132,0.140385,-0.61171,-0.0897358,-1.56839,-0.0120887,71
0.0169857,0.144164,-0.631148,-0.0896243,-1.56786,-0.0117131,72
0.0185009,0.149265,-0.649929,-0.090094,-1.56702,-0.00893638,73
0.0197685,0.155558,-0.668747,-0.0891724,-1.56615,-0.00370903,74
0.0199053,0.162114,-0.68666,-0.0877136,-1.56542,0.00139626,75
0.0202969,0.169112,-0.70544,-0.086389,-1.56369,0.00798518,76
0.0199578,0.178039,-0.722492,-0.0856097,-1.56204,0.0137513,77
0.0171301,0.186796,-0.737813,-0.0832996,-1.5608,0.0182664,78
0.0161969,0.193966,-0.752208,-0.0816881,-1.55907,0.0198268,79
0.0139017,0.20238,-0.767623,-0.0821635,-1.5559,0.0229173,80
0.0140238,0.208371,-0.784712,-0.0820328,-1.55188,0.0214191,81
0.0130495,0.214761,-0.802293,-0.0828042,-1.54764,0.0223733,82
0.0131489,0.220047,-0.821312,-0.0833071,-1.54067,0.0242045,83
0.0130211,0.223556,-0.840543,-0.0828732,-1.53054,0.0268505,84
0.0121811,0.226791,-0.860524,-0.0827638,-1.51956,0.0297481,85
0.0114732,0.230269,-0.881162,-0.0828957,-1.50467,0.030517,86
0.0108292,0.232986,-0.904644,-0.0824905,-1.47804,0.0309182,87
0.01089,0.23669,-0.924031,-0.0821098,-1.456,0.0283275,88
0.0102208,0.241509,-0.943723,-0.0815244,-1.42668,0.0292932,89
0.00816175,0.245069,-0.96401,-0.0796444,-1.38974,0.0302545,90
0.00638042,0.251568,-0.98259,-0.0786832,-1.3618,0.0299345,91
0.00470568,0.255389,-1.00487,-0.0759013,-1.34035,0.0277703,92
0.00568016,0.26385,-1.02734,-0.0779696,-1.30685,0.02127,93
0.00513712,0.271442,-1.0492,-0.0785772,-1.28583,0.0204518,94
0.000243391,0.276917,-1.07449,-0.079074,-1.29463,0.0205099,95
-0.00201958,0.285159,-1.10325,-0.0818539,-1.30595,0.0126365,96
-0.00224508,0.295729,-1.12155,-0.087103,-1.30394,0.00543841,97
-0.00199807,0.30329,-1.13998,-0.0904622,-1.28877,0.000405907,98
0.000903488,0.312497,-1.16102,-0.0952774,-1.27153,-0.00113678,99
0.00202089,0.319042,-1.18053,-0.0966468,-1.27204,-0.00381022,100
-0.00193607,0.323413,-1.19781,-0.0966484,-1.27507,-0.00784252,101
0.00189981,0.324034,-1.21622,-0.0947865,-1.25581,-0.0150545,102
0.00544054,0.330371,-1.23341,-0.0971062,-1.23683,-0.0182529,103
0.00832536,0.333084,-1.25652,-0.096568,-1.20343,-0.019723,104
0.00929312,0.336333,-1.27907,-0.0961085,-1.15956,-0.0195153,105
0.0108035,0.340079,-1.30232,-0.0947167,-1.11622,-0.0189088,106
0.0141323,0.342428,-1.32227,-0.0928429,-1.07498,-0.018277,107
0.0151688,0.356001,-1.34587,-0.0818267,-1.03333,-0.0151681,108
0.015667,0.360337,-1.3653,-0.0762945,-1.00124,-0.0153578,109
0.0153202,0.372095,-1.38226,-0.0768724,-0.961423,-0.0124349,110
0.018607,0.382261,-1.39254,-0.076487,-0.921032,-0.0113215,111
0.0178441,0.389486,-1.40932,-0.0741231,-0.867326,-0.00697713,112
0.0169286,0.398237,-1.42639,-0.0745206,-0.813132,-0.00112804,113
0.0157692,0.405953,-1.4454,-0.0754309,-0.758332,0.0025267,114
0.0145268,0.413598,-1.46052,-0.0772144,-0.721163,0.00343755,115
0.0164304,0.424686,-1.47662,-0.0825668,-0.673686,0.00301514,116
0.0162048,0.431497,-1.49448,-0.085049,-0.628121,0.00451452,117
0.0158333,0.435914,-1.51903,-0.0863987,-0.536099,0.00842196,118
0.0168286,0.43846,-1.54385,-0.0858542,-0.454809,0.0113128,119
0.0180696,0.440991,-1.57002,-0.0853886,-0.388684,0.0117084,120
0.0186724,0.444651,-1.59358,-0.0848906,-0.343897,0.00956789,121
0.018618,0.44907,-1.61504,-0.0846246,-0.311065,0.00636452,122
0.0178262,0.453927,-1.63787,-0.0841746,-0.269412,0.0034221,123
0.0160557,0.461109,-1.66207,-0.0843923,-0.227806,0.00211779,124
0.0127247,0.469164,-1.67782,-0.083361,-0.206409,0.00169141,125
0.0148231,0.475079,-1.70027,-0.0830844,-0.163685,-0.000250202,126
0.0181002,0.481042,-1.72417,-0.0822469,-0.132591,-0.00275391,127
0.01851,0.487252,-1.74429,-0.0815867,-0.114182,-0.000271479,128
0.0188092,0.495537,-1.76232,-0.0830012,-0.0968291,0.0024964,129
0.0202155,0.504228,-1.77951,-0.0856725,-0.0817294,0.0046831,130
0.0108337,0.515298,-1.79103,-0.090994,-0.0728194,0.00324419,131
0.0150807,0.523382,-1.81088,-0.0951346,-0.0461759,0.00307455,132
0.0180173,0.528305,-1.83288,-0.0965258,-0.0292802,0.00317944,133
0.0198067,0.534798,-1.85124,-0.0982407,-0.0197027,0.00588233,134
0.0187611,0.538044,-1.87385,-0.0976263,-0.0126109,0.010369,135
0.0227317,0.541312,-1.89875,-0.0974631,-0.00370499,0.0104221,136
0.0220239,0.544014,-1.92311,-0.0963125,0.00183491,0.0158049,137
0.0162705,0.548425,-1.94648,-0.0958359,0.0067698,0.019923,138
0.0211747,0.551644,-1.9717,-0.0938249,0.0154077,0.0239189,139
0.0233477,0.582633,-2.00063,-0.0912145,0.0188683,0.0318104,140
0.0233094,0.565688,-2.01818,-0.059067,0.0200082,0.0430357,141
0.024045,0.572162,-2.04024,-0.0558819,0.0230226,0.0498269,142
0.0184845,0.583149,-2.06276,-0.0552373,0.0232068,0.0597781,143
0.01516,0.592503,-2.0783,-0.0505939,0.0281144,0.0691302,144
0.0192463,0.597113,-2.09492,-0.0438393,0.0335839,0.0785971,145
0.0134394,0.602886,-2.10758,-0.041419,0.0361295,0.0797571,146
0.0176492,0.610286,-2.125,-0.0430222,0.0417377,0.0772728,147
0.0266482,0.615762,-2.14414,-0.0449759,0.0449182,0.0735347,148
0.0290076,0.622177,-2.16439,-0.0496218,0.0444759,0.073958,149
0.0284419,0.627634,-2.18516,-0.0520512,0.0432144,0.0772534,150
0.0254063,0.631155,-2.20689,-0.0537549,0.0413839,0.0804962,151
0.0257209,0.635223,-2.23057,-0.0562878,0.0408109,0.0744889,152
0.0197927,0.638773,-2.25402,-0.0561684,0.0406007,0.0788255,153
0.0164414,0.642253,-2.27845,-0.0551303,0.0397796,0.0832199,154
0.012541,0.646761,-2.3033,-0.0545262,0.0395215,0.0875352,155
0.00818125,0.64893,-2.32736,-0.0508174,0.0394488,0.0938886,156
-0.00047074,0.66231,-2.35212,-0.0481797,0.0394205,0.100445,157
0.00405856,0.662257,-2.37143,-0.037429,0.0413067,0.102178,158
0.00283398,0.670514,-2.39276,-0.036023,0.041528,0.105466,159
-0.00694917,0.676795,-2.41327,-0.0331909,0.0414174,0.109073,160
-0.0173505,0.686143,-2.43261,-0.0309589,0.0427052,0.1145,161
-0.00999841,0.693707,-2.45104,-0.0226894,0.0453641,0.122629,162
-0.00952379,0.701332,-2.47068,-0.0175154,0.0457757,0.1299,163
-0.0144825,0.70779,-2.49244,-0.01365,0.045197,0.132765,164
-0.0217505,0.71587,-2.51073,-0.0113149,0.0441572,0.135846,165
-0.0281317,0.721248,-2.52904,-0.00682431,0.0431257,0.139369,166
-0.030698,0.726341,-2.5513,-0.00147705,0.0419625,0.145691,167
-0.0332455,0.738151,-2.57713,0.0015316,0.0403269,0.151931,168
-0.0396132,0.738641,-2.59743,0.0180015,0.039232,0.162247,169
-0.0442369,0.741313,-2.62001,0.0326939,0.0381507,0.173345,170
-0.0514026,0.745523,-2.64223,0.0477998,0.0370634,0.185717,171
-0.0567679,0.747467,-2.66398,0.0677481,0.0362375,0.200023,172
-0.0646266,0.765275,-2.69081,0.0846904,0.0350874,0.218358,173
-0.066935,0.752218,-2.70836,0.138912,0.0342609,0.241987,174
-0.0776822,0.748745,-2.72183,0.156017,0.0339185,0.259378,175
-0.0885287,0.75269,-2.73781,0.164741,0.0338971,0.27299,176
-0.108204,0.757441,-2.74615,0.172826,0.0348903,0.287334,177
-0.112831,0.761586,-2.76521,0.185976,0.0350753,0.303994,178
-0.110222,0.767375,-2.79219,0.19885,0.033659,0.322068,179
-0.108809,0.778844,-2.81494,0.203839,0.0321959,0.332713,180
-0.118309,0.783974,-2.83115,0.209918,0.0310585,0.341964,181
-0.129422,0.787523,-2.8478,0.214272,0.030042,0.34838,182
-0.135944,0.792594,-2.86607,0.218319,0.0291165,0.354945,183
-0.14295,0.796267,-2.88639,0.225405,0.0280191,0.365125,184
-0.15499,0.799626,-2.90572,0.230857,0.026954,0.373004,185
-0.168913,0.800505,-2.92504,0.238256,0.0259744,0.382304,186
-0.180153,0.802304,-2.94362,0.248195,0.0251511,0.394461,187
-0.190042,0.806329,-2.96222,0.259506,0.0244136,0.410624,188
-0.204054,0.80881,-2.97995,0.272102,0.0237095,0.425656,189
-0.219565,0.809893,-2.99235,0.285014,0.0233009,0.439638,190
-0.23099,0.816419,-3.01382,0.30001,0.0220733,0.457644,191
-0.237973,0.821188,-3.03157,0.318086,0.0208037,0.47554,192
-0.251011,0.825429,-3.04706,0.329749,0.0197401,0.487306,193
-0.276376,0.8271,-3.04914,0.330686,0.0196697,0.487214,194
-0.288117,0.828669,-3.05061,0.342514,0.02001,0.497215,195
-0.290711,0.837098,-3.07607,0.36016,0.0189555,0.51833,196
-0.298651,0.846559,-3.09615,0.374918,0.0179981,0.536904,197
-0.312261,0.85171,-3.10543,0.384446,0.0175329,0.549168,198
-0.328433,0.852523,-3.10904,0.392329,0.0174671,0.559,199
-0.342457,0.854625,-3.12222,0.402783,0.0171174,0.571844,200
-0.35879,0.858139,-3.13926,0.414546,0.0166187,0.58708,201
-0.374729,0.859675,-3.15709,0.428713,0.0160931,0.603742,202
-0.392051,0.861781,-3.17498,0.444596,0.0155708,0.622037,203
-0.404035,0.866369,-3.18822,0.462503,0.0152653,0.645602,204
-0.424511,0.865479,-3.19854,0.480972,0.0150462,0.665868,205
-0.441747,0.866304,-3.21373,0.509739,0.0147277,0.696552,206
-0.460138,0.869255,-3.23382,0.547813,0.0142498,0.737273,207
-0.478602,0.874988,-3.24891,0.584424,0.0138731,0.777765,208
-0.491985,0.876187,-3.25973,0.629344,0.0133738,0.821836,209
-0.511438,0.879402,-3.26631,0.664316,0.013074,0.858778,210
-0.537041,0.876246,-3.26477,0.703274,0.013241,0.898968,211
-0.549818,0.877791,-3.27838,0.767012,0.0127962,0.96249,212
-0.555823,0.893444,-3.3036,0.841043,0.0118787,1.04565,213
-0.569711,0.901537,-3.31742,0.882174,0.01137,1.09004,214
-0.587841,0.901582,-3.3193,0.901376,0.011291,1.10926,215
-0.6094,0.900839,-3.32148,0.924976,0.0112595,1.13421,216
-0.625743,0.903301,-3.333,0.965396,0.0109568,1.17647,217
-0.643973,0.90607,-3.34344,1.009,0.0106646,1.22294,218
-0.663717,0.907236,-3.35575,1.04893,0.0103109,1.26354,219
-0.684204,0.907986,-3.36334,1.0754,0.0100921,1.2905,220
-0.704392,0.90742,-3.36779,1.09523,0.0099662,1.31014,221
-0.726252,0.906148,-3.37205,1.12056,0.00985047,1.33451,222
-0.749903,0.906122,-3.37438,1.15187,0.00979368,1.3661,223
-0.771968,0.907977,-3.38001,1.19672,0.00966354,1.41111,224
-0.791513,0.913504,-3.39228,1.23932,0.0093708,1.45272,225
-0.812322,0.916294,-3.39701,1.26201,0.0092312,1.47405,226
-0.830066,0.920614,-3.4004,1.28321,0.00911432,1.49385,227
-0.845769,0.923372,-3.40367,1.29981,0.00903112,1.5084,228
-0.869791,0.92001,-3.39734,1.31764,0.00919944,1.52416,229
-0.889496,0.925703,-3.40371,1.35935,0.00909398,1.56681,230
-0.902206,0.93119,-3.41129,1.38906,0.00894124,1.59614,231
-0.920196,0.936767,-3.41305,1.40308,0.008894,1.61141,232
-0.93626,0.940153,-3.41531,1.41603,0.00883832,1.62467,233
-0.957819,0.941211,-3.42005,1.42675,0.00874244,1.6357,234
-0.983086,0.93881,-3.41885,1.43347,0.00877591,1.64236,235
-1.00657,0.939534,-3.42228,1.4568,0.00871194,1.66617,236
-1.03148,0.937388,-3.42516,1.4747,0.00865537,1.68336,237
-1.05681,0.934046,-3.42689,1.49433,0.00862594,1.70225,238
-1.08632,0.941836,-3.42968,1.51548,0.00858263,1.72265,239
-1.10785,0.933599,-3.42948,1.53942,0.00859423,1.73586,240
-1.13523,0.934892,-3.43377,1.57422,0.00851647,1.76794,241
-1.15667,0.948254,-3.4331,1.60507,0.00852035,1.78963,242
-1.16584,0.939001,-3.43501,1.63385,0.00847681,1.80516,243
-1.18718,0.939167,-3.43561,1.6648,0.00845648,1.83385,244
-1.21091,0.938215,-3.42782,1.68938,0.00858922,1.85771,245
-1.23296,0.935958,-3.41983,1.74521,0.00873099,1.91417,246
-1.25722,0.942577,-3.42458,1.82057,0.00861015,1.99449,247
-1.28623,0.946143,-3.4308,1.85851,0.00844637,2.03451,248
-1.30142,0.948352,-3.42918,1.87183,0.00845188,2.04852,249
-1.3206,0.948713,-3.42276,1.89011,0.0085745,2.06815,250
-1.34376,0.946992,-3.42117,1.92257,0.00860274,2.10164,251
-1.36856,0.944042,-3.42197,1.95049,0.0085765,2.13004,252
-1.39207,0.941632,-3.4224,1.96969,0.00855319,2.14976,253
-1.419,0.938515,-3.42243,1.98607,0.00853739,2.16634,254
-1.44333,0.935627,-3.41953,1.99584,0.00858282,2.17582,255
-1.46798,0.932404,-3.41649,2.00644,0.0086363,2.18508,256
-1.49177,0.928974,-3.41176,2.01643,0.00872079,2.19328,257
-1.51572,0.926077,-3.40596,2.03243,0.00882967,2.20765,258
-1.54639,0.931263,-3.40091,2.05145,0.00892481,2.22756,259
-1.56496,0.927779,-3.4023,2.07315,0.00885927,2.23766,260
-1.58693,0.927256,-3.39807,2.07686,0.00891963,2.23731,261
-1.61642,0.936865,-3.38756,2.0872,0.00914471,2.24456,262
-1.63252,0.930514,-3.38607,2.11386,0.00918226,2.25798,263
-1.64317,0.931804,-3.38461,2.13598,0.00923511,2.27612,264
-1.6599,0.932759,-3.38306,2.15302,0.00928938,2.2938,265
-1.68016,0.935204,-3.3798,2.16423,0.00936466,2.30687,266
-1.69768,0.934406,-3.37716,2.17332,0.00942114,2.31807,267
-1.71499,0.927938,-3.37511,2.17911,0.00946692,2.32747,268
-1.73978,0.931465,-3.36783,2.17904,0.00964829,2.33713,269
-1.76431,0.92766,-3.3624,2.185,0.00979134,2.34545,270
-1.7863,0.923242,-3.3587,2.19228,0.00989086,2.35492,271
-1.81231,0.9186,-3.35426,2.1983,0.01001,2.36342,272
-1.83861,0.914838,-3.34847,2.20463,0.0101716,2.37135,273
-1.86081,0.911788,-3.34351,2.21336,0.0103233,2.38175,274
-1.88202,0.910465,-3.33833,2.22289,0.0104919,2.39351,275
-1.9101,0.91051,-3.33015,2.22973,0.0107443,2.40173,276
-1.93262,0.907408,-3.32458,2.24131,0.0109236,2.4121,277
-1.9515,0.905802,-3.31193,2.25309,0.0113703,2.42533,278
-1.96491,0.909872,-3.30681,2.26353,0.0115118,2.43857,279
-1.98184,0.904926,-3.28638,2.27149,0.0122635,2.44854,280
-2.0046,0.899542,-3.28315,2.29923,0.0122654,2.48558,281
-2.03492,0.908743,-3.28142,2.31017,0.0122195,2.50918,282
-2.05676,0.908897,-3.27166,2.31447,0.012582,2.5189,283
-2.07993,0.907833,-3.26554,2.32568,0.0128186,2.53555,284
-2.10151,0.905188,-3.25906,2.32949,0.0130975,2.54233,285
-2.118,0.903027,-3.25356,2.33156,0.0133329,2.547,286
-2.14152,0.89856,-3.24478,2.33226,0.0136272,2.54992,287
-2.16461,0.892636,-3.23539,2.33287,0.0138455,2.55123,288
-2.18853,0.886883,-3.22607,2.33481,0.0140661,2.55337,289
-2.21237,0.881259,-3.21578,2.33479,0.0143125,2.55295,290
-2.2337,0.877613,-3.20717,2.33651,0.0145244,2.55483,291
-2.2528,0.876398,-3.19726,2.34096,0.0148095,2.56068,292
-2.27657,0.874306,-3.18568,2.34881,0.0151781,2.56995,293
-2.29471,0.874527,-3.17766,2.34977,0.0153847,2.57094,294
-2.30898,0.875314,-3.16862,2.3494,0.0156593,2.57078,295
-2.3295,0.871523,-3.15883,2.35676,0.0160347,2.57777,296
-2.34896,0.872778,-3.15034,2.36886,0.0164211,2.59273,297
-2.37012,0.877873,-3.14229,2.3782,0.016797,2.60915,298
-2.38876,0.879635,-3.13425,2.38126,0.0171305,2.61542,299
-2.4073,0.877559,-3.12658,2.38036,0.017457,2.61696,300
-2.42695,0.873869,-3.11895,2.37718,0.017806,2.61943,301
-2.44865,0.875219,-3.10816,2.373,0.0183397,2.62212,302
-2.46957,0.87095,-3.09933,2.37329,0.0188132,2.62413,303
-2.49014,0.865357,-3.09133,2.37381,0.0192679,2.62505,304
-2.51564,0.861279,-3.08256,2.37262,0.0197784,2.62499,305
-2.5408,0.857349,-3.07516,2.36438,0.0202813,2.61511,306
-2.563,0.851255,-3.06113,2.35824,0.0212825,2.60654,307
-2.58414,0.848783,-3.05117,2.35695,0.0220477,2.60449,308
-2.60655,0.846056,-3.03947,2.35456,0.0230024,2.60029,309
-2.62071,0.846879,-3.02872,2.35915,0.0239875,2.60505,310
-2.63599,0.85004,-3.02142,2.36882,0.0247138,2.61743,311
-2.64721,0.854319,-3.01542,2.37671,0.0253001,2.62569,312
-2.66272,0.853902,-3.00746,2.38083,0.0260727,2.62847,313
-2.67084,0.860314,-3.00329,2.38025,0.0264595,2.62897,314
-2.69312,0.862821,-2.98962,2.37373,0.0272961,2.62629,315
-2.71262,0.86175,-2.97819,2.3736,0.0278825,2.62722,316
-2.73315,0.857491,-2.96888,2.37553,0.0283808,2.63045,317
-2.75249,0.855223,-2.95933,2.37575,0.0289121,2.63256,318
-2.7687,0.84993,-2.94974,2.36974,0.0293933,2.62551,319
-2.78688,0.844306,-2.94067,2.36542,0.0298827,2.61982,320
-2.80933,0.837661,-2.93129,2.364,0.030448,2.61687,321
-2.83329,0.830097,-2.92182,2.3606,0.0310292,2.61107,322
-2.85671,0.824186,-2.91078,2.35561,0.0317714,2.60368,323
-2.87583,0.823446,-2.90042,2.35187,0.0325022,2.59471,324
-2.89408,0.818567,-2.88852,2.35106,0.0334659,2.58716,325
-2.91618,0.821254,-2.87413,2.35472,0.0347817,2.58836,326
-2.93544,0.816127,-2.86701,2.36629,0.0355218,2.59083,327
-2.95818,0.815465,-2.85397,2.37027,0.0369561,2.59113,328
-2.97711,0.814789,-2.84089,2.37576,0.0385202,2.59211,329
-2.99332,0.815248,-2.83067,2.38573,0.0398603,2.59875,330
-3.0111,0.818299,-2.82235,2.39682,0.0410448,2.60851,331
-3.03236,0.818411,-2.81369,2.40991,0.0423584,2.62034,332
-3.04991,0.820078,-2.80639,2.42186,0.0435406,2.63225,333
-3.06095,0.821289,-2.79902,2.42718,0.044751,2.63761,334
-3.07646,0.818629,-2.79345,2.42768,0.0456209,2.63635,335
-3.0994,0.812011,-2.78599,2.42789,0.0468432,2.63496,336
-3.11767,0.808105,-2.77896,2.42741,0.0481576,2.63375,337
-3.13897,0.804151,-2.77289,2.42894,0.0493259,2.63479,338
-3.16001,0.801008,-2.76904,2.42479,0.0501101,2.62863,339
-3.18216,0.79621,-2.76137,2.41358,0.0517574,2.61403,340
-3.20354,0.790643,-2.75046,2.40467,0.0541919,2.60182,341
-3.22402,0.788446,-2.73974,2.40417,0.055532,2.59937,342
-3.24666,0.787221,-2.7309,2.40673,0.0566171,2.60008,343
-3.2658,0.790228,-2.72351,2.41244,0.0575655,2.6038,344
-3.28612,0.793504,-2.71485,2.41531,0.0586214,2.60424,345
-3.30496,0.795387,-2.70802,2.41238,0.0593414,2.59829,346
-3.31523,0.806073,-2.70213,2.40777,0.0599748,2.59246,347
-3.32657,0.81147,-2.70086,2.40949,0.0599641,2.58994,348
-3.33844,0.816243,-2.6962,2.40617,0.0603505,2.58371,349
-3.34861,0.822649,-2.69323,2.40513,0.0605464,2.58069,350
-3.36073,0.82059,-2.68202,2.4108,0.0621094,2.58478,351
-3.38099,0.815393,-2.67635,2.42449,0.0627161,2.59756,352
-3.39796,0.812519,-2.66896,2.42923,0.0636133,2.60039,353
-3.42142,0.807213,-2.65981,2.4329,0.0647942,2.60174,354
-3.44288,0.801126,-2.64689,2.43537,0.0666424,2.60142,355
-3.46425,0.794504,-2.63647,2.44208,0.0682769,2.60502,356
-3.48472,0.788342,-2.62619,2.44954,0.0700518,2.61067,357
-3.50664,0.786606,-2.61686,2.46054,0.0717033,2.61622,358
-3.52616,0.780866,-2.61013,2.46726,0.0728137,2.61795,359
-3.54622,0.777165,-2.60105,2.46991,0.0743912,2.61664,360
-3.56694,0.775762,-2.58941,2.47186,0.0766607,2.61587,361
-3.59378,0.769546,-2.57667,2.47182,0.0793004,2.61208,362
-3.61346,0.770948,-2.56668,2.46358,0.0812571,2.59964,363
-3.63228,0.766165,-2.55267,2.46551,0.0848023,2.5975,364
-3.65247,0.765712,-2.53954,2.48012,0.0888451,2.61201,365
-3.66824,0.76571,-2.53636,2.50503,0.0902584,2.63755,366
-3.68737,0.765624,-2.53263,2.51783,0.0915538,2.65259,367
-3.70519,0.763828,-2.52421,2.51705,0.0942403,2.65317,368
-3.7223,0.762476,-2.51721,2.51289,0.0965358,2.65018,369
-3.7383,0.756204,-2.51216,2.50962,0.09829,2.64937,370
-3.7614,0.758244,-2.50144,2.50311,0.102418,2.64983,371
-3.78017,0.754666,-2.49231,2.50012,0.104646,2.64864,372
-3.80154,0.749522,-2.48285,2.4989,0.106781,2.6492,373
-3.82345,0.742235,-2.47364,2.49916,0.108943,2.6507,374
-3.84591,0.734965,-2.46537,2.50029,0.110946,2.65154,375
-3.86521,0.732752,-2.45693,2.49998,0.113002,2.65268,376
-3.88219,0.733222,-2.4529,2.50448,0.114049,2.65896,377
-3.908,0.727078,-2.44266,2.51012,0.116673,2.66365,378
-3.93254,0.723944,-2.43367,2.51316,0.118941,2.66668,379
-3.96051,0.721047,-2.41845,2.51493,0.123132,2.66908,380
-3.9725,0.719619,-2.4013,2.52105,0.127772,2.67514,381
-3.98385,0.7245,-2.39437,2.53225,0.129071,2.68958,382
-3.99255,0.72842,-2.38457,2.53858,0.131505,2.69958,383
-4.01207,0.724003,-2.37137,2.55347,0.135145,2.71837,384
-4.0309,0.72972,-2.36822,2.56533,0.13503,2.73602,385
-4.05655,0.725109,-2.36097,2.57137,0.136609,2.74407,386
-4.07763,0.721703,-2.35379,2.57091,0.138512,2.74418,387
-4.09323,0.718054,-2.34584,2.56996,0.141059,2.74355,388
-4.11224,0.713725,-2.33614,2.56938,0.144445,2.74382,389
-4.1172,0.71246,-2.33331,2.56664,0.144784,2.74079,390
-4.13907,0.70686,-2.31951,2.56276,0.150075,2.73531,391
-4.16317,0.698184,-2.30744,2.56133,0.155111,2.73152,392
-4.18676,0.693459,-2.28952,2.55795,0.163949,2.72713,393
-4.20926,0.688929,-2.27938,2.56016,0.169343,2.7291,394
-4.22703,0.686044,-2.27077,2.56211,0.174099,2.73006,395
-4.24488,0.685365,-2.25898,2.55945,0.181434,2.72814,396
-4.26226,0.686387,-2.24691,2.56009,0.188804,2.73043,397
-4.27916,0.686406,-2.23771,2.5636,0.192285,2.73572,398
-4.29711,0.687881,-2.22937,2.56676,0.195668,2.74257,399
-4.31269,0.687922,-2.22202,2.5677,0.198723,2.74803,400
-4.32742,0.689059,-2.2124,2.56866,0.20325,2.75487,401
-4.34658,0.682996,-2.20534,2.57528,0.207112,2.76859,402
-4.36774,0.684265,-2.19612,2.57514,0.211792,2.77995,403
-4.39078,0.681427,-2.18471,2.57144,0.217186,2.77957,404
-4.40605,0.684162,-2.18032,2.5634,0.21911,2.77263,405
-4.42374,0.679193,-2.17137,2.55705,0.224972,2.76431,406
-4.44454,0.67441,-2.16141,2.55251,0.231538,2.75853,407
-4.46729,0.667991,-2.15021,2.54634,0.23877,2.74921,408
-4.48759,0.66341,-2.13744,2.53744,0.247069,2.73727,409
-4.50675,0.660253,-2.12495,2.53692,0.255382,2.73402,410
-4.52348,0.659035,-2.12166,2.54099,0.257362,2.73623,411
-4.54224,0.658615,-2.11475,2.54229,0.261579,2.73379,412
-4.56209,0.659872,-2.10172,2.53434,0.269747,2.72293,413
-4.58267,0.661488,-2.09244,2.53137,0.275662,2.71735,414
-4.60306,0.665608,-2.07924,2.53091,0.285333,2.71517,415
-4.62414,0.660784,-2.06801,2.53467,0.294141,2.71651,416
-4.65444,0.662635,-2.05687,2.53449,0.30262,2.71589,417
-4.67192,0.652039,-2.03178,2.53789,0.325914,2.71649,418
-4.69249,0.649891,-2.02586,2.54733,0.328251,2.72645,419
-4.71142,0.649687,-2.01823,2.55241,0.333942,2.73184,420
-4.72648,0.645656,-2.00593,2.55262,0.347073,2.72991,421
-4.72576,0.649951,-1.99901,2.54772,0.353861,2.7233,422
-4.7437,0.644493,-1.9887,2.55089,0.36609,2.72409,423
-4.76127,0.637101,-1.97575,2.5545,0.38376,2.72458,424
-4.78108,0.628997,-1.96303,2.55878,0.402966,2.72533,425
-4.79739,0.625539,-1.95044,2.56035,0.42399,2.72437,426
-4.8164,0.618811,-1.93782,2.56562,0.447468,2.7254,427
-4.83518,0.610658,-1.92849,2.57429,0.46634,2.72902,428
-4.8508,0.608961,-1.91607,2.57916,0.494754,2.73337,429
-4.86173,0.607691,-1.90775,2.57944,0.513762,2.73104,430
-4.87462,0.605296,-1.89204,2.57815,0.558609,2.7296,431
-4.88904,0.60638,-1.87895,2.58274,0.603485,2.73713,432
-4.90502,0.602415,-1.86999,2.59302,0.628855,2.75001,433
-4.92673,0.596163,-1.86485,2.59921,0.638082,2.75904,434
-4.94467,0.582615,-1.85647,2.58547,0.654086,2.76152,435
-4.96059,0.596034,-1.82434,2.5649,0.727801,2.75658,436
-4.97693,0.593925,-1.81289,2.56464,0.756422,2.75941,437
-4.99307,0.590068,-1.80208,2.56483,0.786169,2.76608,438
-5.01382,0.587087,-1.79088,2.56678,0.8185,2.77385,439
-5.03036,0.581179,-1.77815,2.56831,0.857791,2.77732,440
-5.04625,0.573068,-1.76905,2.57076,0.88751,2.78197,441
-5.06501,0.568463,-1.75681,2.57206,0.930258,2.78826,442
-5.08289,0.561757,-1.74574,2.57422,0.962947,2.79342,443
-5.10226,0.55651,-1.73175,2.57505,0.988966,2.79761,444
-5.12073,0.550312,-1.71745,2.57561,1.01667,2.80063,445
-5.14604,0.548329,-1.7053,2.57703,1.03966,2.80402,446
-5.15481,0.54523,-1.68903,2.57715,1.07348,2.80627,447
-5.17725,0.54724,-1.66888,2.57798,1.11418,2.81459,448
-5.18876,0.545926,-1.64867,2.58431,1.15776,2.8244,449
-5.21026,0.540332,-1.63311,2.5963,1.18918,2.8394,450
-5.22819,0.538964,-1.61521,2.60067,1.21608,2.84777,451
-5.24564,0.537919,-1.59658,2.60076,1.23356,2.85112,452
-5.25928,0.533022,-1.57807,2.60184,1.25233,2.85327,453
-5.26334,0.530466,-1.5573,2.607,1.27725,2.86548,454
-5.29202,0.52115,-1.54529,2.61882,1.28716,2.88477,455
-5.31841,0.512871,-1.53092,2.6214,1.30424,2.88785,456
-5.33525,0.501548,-1.51654,2.61975,1.32395,2.87988,457
-5.3485,0.496168,-1.49969,2.61787,1.35018,2.87627,458
-5.35417,0.4882,-1.48527,2.61706,1.36105,2.87122,459
-5.3674,0.484362,-1.46709,2.61727,1.37552,2.87124,460
-5.38172,0.472866,-1.44843,2.62119,1.39098,2.87032,461
-5.39546,0.470741,-1.42497,2.62737,1.4097,2.87959,462
-5.41649,0.465253,-1.40829,2.63249,1.42144,2.88418,463
-5.4314,0.458381,-1.39426,2.63472,1.43225,2.88168,464
-5.44329,0.451574,-1.37889,2.63696,1.44608,2.88471,465
-5.45393,0.455855,-1.35833,2.6384,1.45769,2.89459,466
-5.46815,0.454028,-1.34265,2.64167,1.46444,2.89999,467
-5.48085,0.452227,-1.32598,2.64133,1.47163,2.90057,468
-5.49368,0.448611,-1.30726,2.64138,1.48025,2.90194,469
-5.50111,0.449166,-1.28384,2.64372,1.49126,2.91222,470
-5.51623,0.444822,-1.26803,2.64894,1.49787,2.921,471
-5.53452,0.440237,-1.25285,2.65235,1.50462,2.92646,472
-5.54806,0.434444,-1.23577,2.65481,1.50916,2.92864,473
-5.55938,0.43197,-1.21844,2.65506,1.51323,2.93055,474
-5.57405,0.426209,-1.20124,2.65905,1.51746,2.93633,475
-5.59024,0.42018,-1.17974,2.66201,1.52284,2.9413,476
-5.60603,0.416406,-1.1592,2.67208,1.52795,2.94621,477
-5.61761,0.407542,-1.14387,2.68063,1.53157,2.94582,478
-5.63162,0.402503,-1.12693,2.68491,1.53572,2.94566,479
-5.64316,0.404546,-1.10264,2.69112,1.53914,2.94883,480
-5.64111,0.400441,-1.08998,2.70146,1.54039,2.95316,481
-5.65387,0.394394,-1.07429,2.71017,1.5415,2.96236,482
-5.6581,0.394104,-1.05123,2.71495,1.54399,2.97219,483
-5.66559,0.394067,-1.02884,2.7228,1.54613,2.98848,484
-5.67875,0.387644,-1.01105,2.72943,1.54716,2.99916,485
-5.69669,0.376628,-0.994113,2.73169,1.54849,2.99905,486
-5.71128,0.369469,-0.976284,2.73319,1.55093,2.99892,487
-5.71651,0.364009,-0.960496,2.73486,1.55348,3.00176,488
-5.72574,0.35813,-0.943208,2.736,1.55648,3.0066,489
-5.7332,0.343818,-0.927135,2.73804,1.55834,3.00229,490
-5.74021,0.335224,-0.910401,2.73777,1.5599,2.99953,491
-5.74802,0.327838,-0.893609,2.73713,1.56153,2.99881,492
-5.76102,0.319463,-0.872495,2.7374,1.56363,3.00043,493
-5.76704,0.314416,-0.855815,2.73704,1.56448,3.00006,494
-5.77827,0.305348,-0.835402,2.7377,1.56557,3.00014,495
-5.78027,0.296625,-0.817225,2.73849,1.56664,3.00021,496
-5.79136,0.289674,-0.796344,2.73843,1.56729,3.00557,497
-5.80336,0.284206,-0.77605,2.73765,1.56782,3.00336,498
-5.8107,0.278997,-0.763544,2.73535,1.56811,2.99488,499
-5.812,0.274064,-0.747017,2.72823,1.5686,2.99049,500
-5.81794,0.27182,-0.726412,2.72754,1.56897,2.99929,501
-5.82027,0.263454,-0.707972,2.72714,1.5693,3.00535,502
-5.82672,0.256437,-0.68643,2.7147,1.56967,3.01148,503
-5.84287,0.254766,-0.657366,2.70682,1.5699,3.0152,504
-5.85076,0.249271,-0.636086,2.70491,1.57008,3.01291,505
-5.85227,0.244763,-0.616043,2.7025,1.57022,3.01533,506
-5.86407,0.235341,-0.593702,2.70188,1.5703,3.02053,507
-5.87246,0.224416,-0.572962,2.70215,1.57039,3.0235,508
-5.87779,0.216839,-0.554831,2.70155,1.57046,3.02608,509
-5.88517,0.209365,-0.532395,2.70038,1.57052,3.03031,510
-5.89081,0.201945,-0.512763,2.70046,1.57057,3.03333,511
-5.89916,0.193794,-0.489179,2.70097,1.57064,3.03782,512
-5.90561,0.185095,-0.466181,2.70213,1.5707,3.03958,513
-5.91187,0.17751,-0.442307,2.70377,1.57074,3.04013,514
-5.91362,0.174144,-0.422495,2.70525,1.57075,3.04079,515
-5.91718,0.168994,-0.396955,2.70769,1.57077,3.04908,516
-5.91967,0.165385,-0.377314,2.70929,1.57078,3.05006,517
-5.91392,0.16514,-0.360598,2.71016,1.57078,3.05556,518
-5.91373,0.163208,-0.343184,-1.57029,-1.39427,0,519
-5.92263,0.158384,-0.32095,-1.57042,-1.46316,0,520
-5.92653,0.153774,-0.297113,-1.57051,-1.51019,0,521
-5.92565,0.150117,-0.27244,-1.57056,-1.53822,0,522
-5.92872,0.141158,-0.249347,-1.57065,-1.55264,0,523
-5.93434,0.130315,-0.225437,-1.5707,-1.56426,0,524
-5.93851,0.119359,-0.201819,-1.57075,-1.56864,0,525
-5.94178,0.109547,-0.178115,-1.57078,-1.57002,0,526
-5.94498,0.0991742,-0.15277,-1.57079,-1.57055,0,527
-5.95071,0.0894825,-0.126984,-1.57079,-1.57072,0,528
-5.95452,0.0784741,-0.100012,-1.5708,-1.57079,0,529
-5.95401,0.0723181,-0.0795245,-1.5708,-1.5708,0,530
-5.95337,0.0676376,-0.0586219,-1.5708,-1.5708,0,531
-5.95706,0.062969,-0.0390265,-1.5708,-1.5708,0,532
-5.95829,0.0591711,-0.0182217,-1.5708,-1.5708,0,533
-5.95755,0.0552863,0.00513415,-1.5708,-1.5708,0,534
-5.95521,0.050867,0.0258304,-1.5708,-1.5708,0,535
-5.95473,0.0479759,0.0431319,-1.5708,-1.5708,0,536
-5.95489,0.0455785,0.0643518,-1.5708,-1.5708,0,537
-5.95763,0.0413137,0.0868211,-1.5708,-1.57079,0,538
-5.95964,0.0357494,0.10745,-1.5708,-1.57078,0,539
-5.96071,0.0310295,0.130281,-1.5708,-1.57071,0,540
-5.96254,0.0212783,0.152225,-1.5708,-1.57058,0,541
-5.96394,0.0129276,0.176238,-1.5708,-1.57017,0,542
-5.96615,0.0020964,0.19977,-1.5708,-1.56905,0,543
-5.96996,-0.00958698,0.226257,-1.5708,-1.56503,0,544
-5.97438,-0.0226566,0.253058,-1.5708,-1.55345,0,545
-5.97316,-0.0319926,0.275502,-1.5708,-1.54164,0,546
-5.9726,-0.0385947,0.296586,-1.5708,-1.52134,0,547
-5.96636,-0.0422629,0.312734,-1.5708,-1.50232,0,548
-5.96208,-0.0476018,0.331012,-1.5708,-1.46081,0,549
-5.96095,-0.0512092,0.35618,2.69556,-1.57076,-3.13878,550
-5.95856,-0.053676,0.377477,2.69595,-1.57075,-3.13788,551
-5.95622,-0.0560731,0.397174,2.69614,-1.57072,-3.13507,552
-5.95561,-0.0549673,0.408473,2.69609,-1.5707,-3.13501,553
-5.95204,-0.057717,0.424964,2.69614,-1.57067,-3.14001,554
-5.94827,-0.0608365,0.442046,2.69557,-1.57063,3.1382,555
-5.94552,-0.0648383,0.460514,2.69478,-1.57057,3.13608,556
-5.94198,-0.0717425,0.480219,2.69415,-1.57046,3.13619,557
-5.94095,-0.0796687,0.499282,2.69339,-1.57034,3.1382,558
-5.93969,-0.0882198,0.519463,2.69235,-1.57023,3.13966,559
-5.93587,-0.094935,0.536095,2.69138,-1.57016,3.1395,560
-5.93649,-0.105487,0.561276,2.6909,-1.57003,-3.14044,561
-5.93556,-0.115224,0.584144,2.69147,-1.56978,-3.13809,562
-5.92905,-0.130693,0.626281,2.69329,-1.56933,-3.13761,563
-5.92451,-0.137579,0.64913,2.69414,-1.56882,-3.13617,564
-5.91697,-0.14437,0.668067,2.69633,-1.56843,-3.1375,565
-5.90711,-0.151711,0.693576,2.6967,-1.56768,-3.13806,566
-5.9017,-0.157518,0.729355,2.69623,-1.56571,-3.14091,567
-5.89853,-0.162588,0.746627,2.69628,-1.5637,-3.1362,568
-5.89071,-0.168122,0.769627,2.69493,-1.55968,-3.12945,569
-5.88342,-0.1706,0.792587,2.69202,-1.55575,-3.12497,570
-5.87549,-0.174273,0.816614,2.68804,-1.55099,-3.12135,571
-5.87346,-0.176243,0.836322,2.68533,-1.5442,-3.11595,572
-5.87796,-0.176591,0.842411,2.68318,-1.54169,-3.11147,573
-5.88008,-0.18488,0.862825,2.68207,-1.53487,-3.11086,574
-5.88164,-0.193017,0.882685,2.68189,-1.52096,-3.11383,575
-5.88026,-0.204097,0.906528,2.68151,-1.48967,-3.11382,576
-5.87748,-0.215378,0.928102,2.68115,-1.45274,-3.11297,577
-5.88364,-0.226045,0.951078,2.68081,-1.40188,-3.11456,578
-5.8857,-0.238465,0.975081,2.68202,-1.27822,-3.12188,579
-5.88297,-0.248887,0.998895,2.68342,-1.04229,-3.13277,580
-5.87848,-0.255913,1.02096,2.6838,-0.543963,-3.13757,581
-5.87443,-0.263946,1.04429,2.68527,-0.0351342,-3.13901,582
-5.87123,-0.271597,1.0668,2.68718,0.259758,-3.13553,583
-5.86617,-0.276458,1.08416,2.68917,0.470048,-3.12937,584
-5.86469,-0.281182,1.1,2.68948,0.441387,-3.12646,585
-5.87149,-0.283238,1.10537,2.69089,0.17609,-3.12699,586
-5.86973,-0.283344,1.11339,2.69157,-0.133316,-3.13301,587
-5.86031,-0.322136,1.12156,2.68911,-0.063075,-3.12958,588
-5.86555,-0.290564,1.14809,2.66893,-0.552062,3.14014,589
-5.86933,-0.296268,1.17044,2.66866,-0.774965,3.13218,590
-5.86822,-0.302377,1.18862,2.6689,-0.838374,3.12687,591
-5.8674,-0.309497,1.20513,2.66828,-0.850943,3.12618,592
-5.86712,-0.319219,1.22478,2.6674,-0.863772,3.12486,593
-5.86356,-0.330741,1.24969,2.66678,-0.875582,3.12017,594
-5.85703,-0.344456,1.27782,2.6661,-0.82314,3.11542,595
-5.85514,-0.356006,1.30249,2.66587,-0.762861,3.11635,596
-5.85345,-0.368339,1.32639,2.66686,-0.697843,3.1204,597
-5.85163,-0.379649,1.34896,2.6679,-0.635166,3.12504,598
-5.84827,-0.388803,1.37206,2.6685,-0.579675,3.12892,599
-5.84637,-0.397995,1.39724,2.66987,-0.50206,3.13233,600
-5.84714,-0.406432,1.42011,2.67105,-0.470312,3.12892,601
-5.84573,-0.413208,1.44509,2.67242,-0.432414,3.12377,602
-5.84616,-0.41853,1.47105,2.67334,-0.395647,3.12017,603
-5.85045,-0.425176,1.49447,2.67399,-0.308171,3.1194,604
-5.8437,-0.431354,1.51361,2.67408,-0.182165,3.1196,605
-5.83887,-0.435948,1.5363,2.67236,-0.107768,3.12138,606
-5.84126,-0.440849,1.55861,2.6715,-0.0814433,3.11942,607
-5.84116,-0.449908,1.58243,2.67085,-0.0603669,3.11025,608
-5.83915,-0.458888,1.60773,2.66967,-0.0360288,3.10392,609
-5.83713,-0.470141,1.63191,2.6701,-0.00596271,3.10263,610
-5.835,-0.481927,1.65375,2.67083,0.0195197,3.10298,611
-5.83575,-0.493789,1.67978,2.67096,0.0285821,3.10187,612
-5.83762,-0.509017,1.70736,2.67237,0.0363043,3.09665,613
-5.83268,-0.52207,1.7347,2.67317,0.0466283,3.09537,614
-5.82979,-0.53319,1.76105,2.67435,0.0490209,3.09898,615
-5.8295,-0.543871,1.78256,2.67753,0.0461765,3.10339,616
-5.82653,-0.544912,1.80748,2.678,0.0411467,3.10361,617
-5.82381,-0.551866,1.82171,2.68065,0.0401205,3.10606,618
-5.82263,-0.548361,1.82867,2.68139,0.0378739,3.10805,619
-5.82037,-0.548197,1.83904,2.68183,0.0346103,3.11077,620
-5.82127,-0.545893,1.83918,2.68011,0.0330437,3.11391,621
-5.82054,-0.540764,1.84811,2.67288,0.0265673,3.11153,622
-5.81549,-0.544588,1.87316,2.66987,0.0156514,3.10535,623
-5.81145,-0.552394,1.89258,2.66797,0.00777909,3.10201,624
-5.80946,-0.555805,1.90917,2.66401,0.00172877,3.09871,625
-5.80479,-0.558703,1.9259,2.66113,-0.00261231,3.09572,626
-5.80875,-0.571637,1.95194,2.66052,-0.00749505,3.09619,627
-5.80728,-0.587627,1.97872,2.66053,-0.0100023,3.0977,628
-5.80716,-0.600923,2.00493,2.66046,-0.0116717,3.09909,629
-5.80732,-0.611962,2.02835,2.66093,-0.0127981,3.10095,630
-5.80365,-0.622644,2.05064,2.66176,-0.013165,3.10227,631
-5.79515,-0.637284,2.08343,2.66226,-0.0123806,3.10539,632
-5.79253,-0.649937,2.11256,2.66324,-0.0120614,3.11013,633
-5.7917,-0.659146,2.1393,2.66338,-0.0121274,3.11181,634
-5.78584,-0.663013,2.16443,2.66174,-0.0119695,3.11194,635
-5.78417,-0.666266,2.18948,2.66113,-0.0121202,3.11313,636
-5.78308,-0.677645,2.22147,2.66074,-0.0114804,3.11542,637
-5.79272,-0.696444,2.24909,2.65981,-0.0105375,3.11618,638
-5.77621,-0.697226,2.28261,2.64779,-0.00686707,3.10792,639
-5.76629,-0.697459,2.30547,2.64554,-0.00609295,3.10224,640
-5.7684,-0.702659,2.32104,2.64347,-0.00548716,3.10585,641
-5.76965,-0.706296,2.34067,2.63998,-0.00483127,3.1114,642
-5.77177,-0.719271,2.36653,2.64001,-0.00416989,3.11604,643
-5.77111,-0.731708,2.38923,2.64025,-0.00337049,3.11937,644
-5.77196,-0.744491,2.4128,2.64049,-0.00255469,3.12079,645
