1.000000 0.0000000 0.0000000 0.0000000 0.0000000 0.0000000 0.0000000 1.0000000
19.000000 -0.0045797 -0.0013747 0.0247165 -0.0121023 -0.0001971 -0.0040420 0.9999186
22.000000 -0.0082399 -0.0021031 0.0376276 -0.0159418 0.0000920 -0.0065638 0.9998513
28.000000 -0.0139902 -0.0111525 0.0747180 -0.0177990 -0.0005325 -0.0073438 0.9998145
32.000000 -0.0191154 -0.0200918 0.1022453 -0.0184850 -0.0006935 -0.0063525 0.9998087
36.000000 -0.0238335 -0.0309184 0.1363086 -0.0272719 -0.0005534 0.0002627 0.9996278
41.000000 -0.0276496 -0.0432747 0.1788484 -0.0264145 0.0022285 0.0134781 0.9995577
46.000000 -0.0283474 -0.0528598 0.2257052 -0.0267699 0.0030990 0.0118014 0.9995672
52.000000 -0.0255279 -0.0615999 0.3009617 -0.0308363 0.0043475 0.0019211 0.9995131
58.000000 -0.0217766 -0.0850886 0.3853891 -0.0329035 -0.0052039 -0.0004264 0.9994449
64.000000 -0.0134536 -0.1154826 0.4669210 -0.0439055 -0.0185711 -0.0061774 0.9988440
70.000000 -0.0161886 -0.1335871 0.5673890 -0.0457794 -0.0215571 -0.0084372 0.9986833
77.000000 -0.0224996 -0.1674098 0.6987607 -0.0437485 -0.0217372 0.0018278 0.9988044
84.000000 -0.0151394 -0.2187968 0.8149571 -0.0424000 -0.0182936 0.0108508 0.9988743
92.000000 -0.0057663 -0.2492956 0.9772061 -0.0397761 -0.0161303 0.0157705 0.9989539
100.000000 -0.0074126 -0.3100633 1.1409148 -0.0487109 -0.0305850 -0.0000295 0.9983445
