X,Y,Z,cX,cY,cZ,id
-0.45692,-0.297212,0.982276,0.00602348,0.000762715,-0.0252404,0
0.212001,-0.103528,0.977239,0.00602348,0.000762715,-0.0252404,1
-0.450029,-0.293482,0.978664,0.00891784,0.00103754,-0.0300359,2
0.214651,-0.0990428,0.972223,0.00891784,0.00103754,-0.0300359,3
-0.448746,-0.29367,0.975646,0.0103305,0.00137789,-0.0344312,4
0.218344,-0.0973819,0.968128,0.0103305,0.00137789,-0.0344312,5
-0.44997,-0.29803,0.972171,0.0113079,0.00157953,-0.0388918,6
0.218539,-0.0994799,0.964092,0.0113079,0.00157953,-0.0388918,7
-0.440829,-0.296122,0.967594,0.0138635,0.00204669,-0.0445405,8
0.226824,-0.0999338,0.958473,0.0138635,0.00204669,-0.0445405,9
-0.443372,-0.300289,0.961222,0.0165117,0.00271589,-0.0518373,10
0.231234,-0.0985689,0.950736,0.0165117,0.00271589,-0.0518373,11
-0.443487,-0.294723,0.954565,0.0174451,0.00353664,-0.0582764,12
0.230795,-0.0972703,0.944256,0.0174451,0.00353664,-0.0582764,13
-0.442626,-0.297537,0.947105,0.0174476,0.00529299,-0.0654951,14
0.237422,-0.0976354,0.937134,0.0174476,0.00529299,-0.0654951,15
-0.444798,-0.295856,0.939898,0.0190894,0.00751996,-0.0732349,16
0.239759,-0.0952496,0.929347,0.0190894,0.00751996,-0.0732349,17
-0.438059,-0.296944,0.931615,0.0201262,0.00968347,-0.0817555,18
0.237851,-0.0945902,0.920807,0.0201262,0.00968347,-0.0817555,19
-0.437684,-0.289819,0.924153,0.0203684,0.0120458,-0.088827,20
0.24177,-0.089455,0.913711,0.0203684,0.0120458,-0.088827,21
-0.435885,-0.284825,0.917268,0.0221662,0.0155122,-0.0961551,22
0.246214,-0.0806953,0.906114,0.0221662,0.0155122,-0.0961551,23
-0.432819,-0.284878,0.909068,0.0235682,0.0178589,-0.104651,24
0.247707,-0.0845773,0.897753,0.0235682,0.0178589,-0.104651,25
-0.446632,-0.284787,0.904371,0.021601,0.0188701,-0.107683,26
0.24045,-0.0792763,0.895405,0.021601,0.0188701,-0.107683,27
-0.444554,-0.285184,0.900855,0.0248565,0.0190383,-0.112316,28
0.245521,-0.0795754,0.890914,0.0248565,0.0190383,-0.112316,29
-0.448435,-0.281238,0.894139,0.0263537,0.0216042,-0.121698,30
0.257111,-0.0752374,0.882331,0.0263537,0.0216042,-0.121698,31
-0.453002,-0.283886,0.884434,0.0237908,0.0272179,-0.133334,32
0.253615,-0.0667025,0.871982,0.0237908,0.0272179,-0.133334,33
-0.46395,-0.284665,0.876803,0.0203271,0.0286185,-0.138662,34
0.239543,-0.0691908,0.867662,0.0203271,0.0286185,-0.138662,35
-0.464006,-0.283324,0.870814,0.0205435,0.0318871,-0.143971,36
0.243608,-0.0671172,0.862401,0.0205435,0.0318871,-0.143971,37
-0.461704,-0.28926,0.868644,0.0238348,0.0357935,-0.148378,38
0.248533,-0.0607139,0.856759,0.0238348,0.0357935,-0.148378,39
-0.470737,-0.285169,0.859153,0.0240299,0.0394937,-0.158285,40
0.252989,-0.0527822,0.846721,0.0240299,0.0394937,-0.158285,41
-0.469021,-0.279861,0.848683,0.0253471,0.0381578,-0.168226,42
0.251331,-0.0591466,0.836605,0.0253471,0.0381578,-0.168226,43
-0.469253,-0.279853,0.838201,0.0256636,0.0396957,-0.179155,44
0.255266,-0.0559803,0.825387,0.0256636,0.0396957,-0.179155,45
-0.469868,-0.282416,0.828173,0.0251925,0.0412476,-0.189049,46
0.2546,-0.0520306,0.815156,0.0251925,0.0412476,-0.189049,47
-0.474458,-0.279602,0.818952,0.0253486,0.0431887,-0.198335,48
0.25606,-0.0515618,0.805735,0.0253486,0.0431887,-0.198335,49
-0.475155,-0.273403,0.811541,0.0256204,0.045122,-0.205817,50
0.253174,-0.047165,0.798447,0.0256204,0.045122,-0.205817,51
-0.483249,-0.273952,0.80161,0.0246534,0.0469089,-0.215795,52
0.251247,-0.0523465,0.788963,0.0246534,0.0469089,-0.215795,53
-0.481631,-0.269505,0.79116,0.0246893,0.0487653,-0.226611,54
0.249072,-0.0473401,0.778087,0.0246893,0.0487653,-0.226611,55
-0.497965,-0.272923,0.780625,0.0243861,0.0500899,-0.237794,56
0.252939,-0.0438565,0.766943,0.0243861,0.0500899,-0.237794,57
-0.499677,-0.268033,0.771074,0.0248317,0.0520058,-0.248529,58
0.256162,-0.0428542,0.75696,0.0248317,0.0520058,-0.248529,59
-0.513283,-0.272143,0.759671,0.0244269,0.0533506,-0.260696,60
0.259438,-0.041797,0.744824,0.0244269,0.0533506,-0.260696,61
-0.531404,-0.278116,0.747899,0.0238994,0.0544507,-0.273574,62
0.256127,-0.0401435,0.732045,0.0238994,0.0544507,-0.273574,63
-0.527781,-0.273726,0.736235,0.0226148,0.0561101,-0.286285,64
0.255422,-0.0365615,0.719241,0.0226148,0.0561101,-0.286285,65
-0.530799,-0.270275,0.723013,0.0232729,0.0583257,-0.300853,66
0.257264,-0.0349206,0.704489,0.0232729,0.0583257,-0.300853,67
-0.542364,-0.274858,0.709005,0.0239101,0.0609252,-0.316566,68
0.254917,-0.032827,0.688723,0.0239101,0.0609252,-0.316566,69
-0.544436,-0.268588,0.694117,0.0217847,0.0637991,-0.33093,70
0.259873,-0.0292946,0.674514,0.0217847,0.0637991,-0.33093,71
0.258556,-0.0186698,0.659301,0.021223,0.0677357,-0.345761,72
0.259392,-0.0151407,0.644042,0.0233713,0.0721291,-0.360756,73
0.296397,0.0102989,0.642201,0.0233713,0.0721291,-0.360756,74
0.265902,-0.0170326,0.633302,0.0245289,0.0765089,-0.373956,75
0.259695,-0.00530516,0.627105,0.0195661,0.0844452,-0.38372,76
0.252831,0.00349601,0.615009,0.0157892,0.0908959,-0.3969,77
0.26082,0.0143631,0.600626,0.0152729,0.0959474,-0.411363,78
0.265804,0.0225962,0.586838,0.0158199,0.100642,-0.425584,79
0.265539,0.0174293,0.575274,0.0193067,0.100277,-0.439273,80
0.263114,0.029737,0.567594,0.0135511,0.110316,-0.451866,81
0.261086,0.0337304,0.553706,0.00970219,0.115573,-0.467695,82
0.264816,0.0432415,0.536414,0.0118303,0.121111,-0.484943,83
0.26706,0.0489934,0.521051,0.0136585,0.124617,-0.501053,84
0.272043,0.0536999,0.507819,0.00979944,0.128556,-0.516358,85
0.268956,0.0579543,0.489995,0.0101483,0.130966,-0.533753,86
0.270703,0.0566674,0.472213,0.0115308,0.132733,-0.551598,87
0.277016,0.0649412,0.450654,0.0126012,0.134399,-0.572479,88
0.285316,0.0663163,0.431716,0.0148172,0.137147,-0.59166,89
0.280637,0.0697144,0.411503,0.0158132,0.140385,-0.61171,90
0.292758,0.0820777,0.391895,0.0169857,0.144164,-0.631148,91
0.294397,0.0776627,0.373964,0.0185009,0.149265,-0.649929,92
0.297714,0.0844398,0.354972,0.0197685,0.155558,-0.668747,93
0.295595,0.0937543,0.336734,0.0199053,0.162114,-0.68666,94
0.305103,0.109272,0.317273,0.0202969,0.169112,-0.70544,95
0.308554,0.120543,0.299956,0.0199578,0.178039,-0.722492,96
0.305762,0.131733,0.284389,0.0171301,0.186796,-0.737813,97
0.308911,0.149646,0.268783,0.0161969,0.193966,-0.752208,98
0.305775,0.160445,0.252896,0.0139017,0.20238,-0.767623,99
0.304488,0.171057,0.234702,0.0140238,0.208371,-0.784712,100
0.311443,0.173798,0.217391,0.0130495,0.214761,-0.802293,101
0.307719,0.182808,0.197433,0.0131489,0.220047,-0.821312,102
0.309916,0.188445,0.177507,0.0130211,0.223556,-0.840543,103
0.309512,0.1966,0.156713,0.0121811,0.226791,-0.860524,104
0.321681,0.202597,0.135931,0.0114732,0.230269,-0.881162,105
0.325946,0.207636,0.111888,0.0108292,0.232986,-0.904644,106
0.312357,0.205212,0.0921962,0.01089,0.23669,-0.924031,107
0.319361,0.212058,0.0723277,0.0102208,0.241509,-0.943723,108
0.319132,0.222799,0.0516003,0.00816175,0.245069,-0.96401,109
0.322228,0.235689,0.0330249,0.00638042,0.251568,-0.98259,110
0.329691,0.233519,0.0122081,0.00470568,0.255389,-1.00487,111
0.33677,0.242105,-0.00976014,0.00568016,0.26385,-1.02734,112
0.345634,0.265923,-0.031763,0.00513712,0.271442,-1.0492,113
0.337027,0.268697,-0.0543493,0.000243391,0.276917,-1.07449,114
0.338384,0.277677,-0.0795877,-0.00201958,0.285159,-1.10325,115
0.340567,0.29556,-0.0965997,-0.00224508,0.295729,-1.12155,116
0.341399,0.310294,-0.113867,-0.00199807,0.30329,-1.13998,117
0.351525,0.321681,-0.1323,0.000903488,0.312497,-1.16102,118
0.365477,0.332743,-0.147875,0.00202089,0.319042,-1.18053,119
